31334
2208
25342
14123
28891
29237
13570
32083
9501
13063
31212
23670
4931
28952
3180
15250
3357
11296
13131
9062
19318
2282
5915
15453
18924
20194
6805
28851
16823
3752
29171
18787
11217
31645
7924
21220
16183
32319
2745
6274
20502
29247
18221
31524
8942
25619
15981
12359
22258
18998
29719
15300
1029
14970
15692
2901
9799
17921
7117
30444
7594
15812
18398
27065
10163
13617
22188
2820
22992
8414
8571
23540
12514
27474
489
16052
17506
20737
20651
15926
31395
14817
2211
9824
8881
24503
10771
32512
1816
2080
3412
19774
18024
6273
29954
13029
6861
23022
26379
17869
17056
24549
26382
27674
19090
25110
15693
13191
3973
14904
3116
22338
24581
3300
10792
29981
30406
1734
24237
24235
28607
11516
31199
30024
8648
262
32534
22843
19745
23975
15209
2829
14693
14793
29881
28115
27605
15099
24997
21499
17091
20087
5709
19443
25048
18858
25001
19198
1870
23872
14895
21505
6205
30341
8033
14148
29908
9259
3650
4334
8765
31047
14001
9997
1244
14603
6605
25381
11733
1040
27843
6466
29091
14556
32282
24945
27410
1365
8752
12099
5048
21705
5462
28139
6164
9949
21666
31297
31855
8346
8549
4282
26078
3591
17921
12572
29
15341
29103
19206
17228
1417
7399
21964
28617
18280
9236
18233
4467
20244
20347
23089
8050
18087
16414
12841
16881
21930
22849
23906
4219
17963
29882
15303
23544
13112
17700
138
8801
15856
12776
13165
24952
18240
6121
26745
11633
31213
4407
29761
611
23472
8399
18524
24444
32708
25066
1076
16384
1140
1373
17273
28163
19748
12363
17047
31150
14276
26875
26317
25832
22606
2561
27328
15972
21099
6666
17963
26573
7699
4687
14335
8012
25357
8254
3030
14037
1944
14227
17275
7895
23995
17679
7568
9633
18957
26427
8222
14247
4489
5910
18877
22071
2321
28738
16987
13179
2126
32434
31502
31009
11423
20051
10358
27369
28096
22747
2764
11417
11065
3605
19141
31173
19434
6860
4353
9386
9942
17462
21414
16547
26563
9145
24798
14574
6703
23982
29915
5824
9869
20435
14171
17917
13480
29904
18552
14411
27432
3669
11574
3146
25215
22819
10247
28829
16972
2067
17220
5221
17209
557
32244
31483
20785
17149
18418
662
3259
29508
25710
10684
19167
6146
16806
27217
21886
16989
12822
20930
9575
30667
22201
30824
32644
27072
22243
7145
2564
2454
15681
7206
12704
969
1533
20673
12592
6294
3089
6840
4169
27120
25310
21366
28400
1856
18503
20567
9458
14755
28692
26930
30810
15744
8627
17808
18127
879
13259
25038
30030
16299
20594
27623
16887
13945
9846
9791
21378
2162
1646
8513
17175
17156
32462
15085
16807
15307
31313
18165
13054
20576
5197
21879
3237
28630
5223
22330
17697
6726
608
15388
9397
8088
23486
14764
11152
816
30937
16844
10556
16951
4757
15107
21901
2793
14470
7595
16345
30104
15133
2590
31650
2300
24493
31461
20787
3912
16009
8778
5994
27832
3419
26534
18113
24797
4997
12717
26730
7902
19499
8859
28942
26128
11439
29334
10239
22076
31818
32644
12706
32753
29657
2420
5982
27411
24688
11726
9381
18877
9872
12894
30548
18586
24600
19874
7116
30258
5439
25089
18489
23180
5334
15919
21621
26521
24381
4350
27944
23835
18336
10118
26796
15546
22076
1130
28001
31726
26970
1476
3859
28506
24123
23411
5972
12370
13675
22660
9904
15229
20416
30124
20261
18876
3397
9145
1417
2493
23522
2183
25352
1382
31266
24089
22600
8876
23900
21282
3307
13286
23541
16239
27094
15649
7333
30281
2918
31524
29490
8128
2993
19987
11761
20122
3557
27650
21237
4052
5150
4541
21468
7254
31371
13619
17343
168
6818
22265
26801
17473
8637
6754
5567
3537
29008
30163
9564
16071
1992
23470
14381
4303
